[[[[ 0.03712925 -0.13968731  0.13818955]
   [ 0.16710219  0.05973716  0.19747579]
   [ 0.22617446  0.10100661 -0.12461996]]]


 [[[ 0.30943072  0.00679609  0.21874228]
   [ 0.18379723 -0.11557613  0.22983949]
   [-0.15733527 -0.04745302 -0.24754682]]]


 [[[ 0.2025604   0.15358332 -0.22599867]
   [ 0.14232948  0.3051394   0.12381936]
   [ 0.23322956 -0.31255665 -0.19136816]]]


 [[[ 0.15161082  0.24420387  0.04477966]
   [ 0.2430968  -0.22739765 -0.09592251]
   [ 0.20921479  0.1698125  -0.3282231 ]]]


 [[[-0.30360556  0.04808305 -0.14253724]
   [-0.22838299 -0.02961761 -0.01395952]
   [-0.21326862  0.03691538  0.23813248]]]


 [[[-0.13640152  0.08713732 -0.16414668]
   [ 0.16167141 -0.1887258   0.10198296]
   [-0.09818192  0.35123283  0.21939565]]]


 [[[ 0.02473669  0.24631234  0.12853011]
   [-0.00505464 -0.22814915 -0.14930771]
   [-0.02878297 -0.1592707  -0.30312115]]]


 [[[-0.13058779 -0.09956915  0.04282695]
   [ 0.21252418  0.03362983 -0.00278619]
   [ 0.61232406  0.38201004  0.13842377]]]]
