[[[[-0.0459333  -0.0747647   0.02497402]
   [-0.09396517  0.05067074  0.05060111]
   [ 0.10312413 -0.11197329 -0.04816658]]

  [[-0.01367018  0.11418014  0.08675496]
   [ 0.00619252  0.10387176 -0.03132648]
   [ 0.16465814  0.01624605  0.00649189]]

  [[ 0.09753063  0.06821927 -0.00796688]
   [-0.03839391 -0.00636806 -0.06855394]
   [-0.07582314  0.05740641 -0.09988342]]

  [[-0.04333803  0.13561419 -0.160838  ]
   [-0.14402574  0.04969581 -0.1012045 ]
   [ 0.05960537  0.09787412  0.08383472]]

  [[ 0.05205755 -0.02905985  0.10146632]
   [-0.01491812 -0.05532131  0.10967112]
   [-0.02897845  0.09336668 -0.03446802]]

  [[ 0.08916736  0.10157567 -0.05070533]
   [ 0.02288123  0.07219345 -0.11065696]
   [ 0.0753165  -0.11252677  0.05172379]]

  [[-0.08680327  0.01770101 -0.05880419]
   [-0.04227643 -0.04956017  0.0492148 ]
   [-0.0430152   0.03950772 -0.08369618]]

  [[ 0.03593292  0.05766791 -0.04770415]
   [-0.00029164  0.11142685  0.07031489]
   [-0.04468108  0.00425992 -0.08388542]]]


 [[[-0.05196484  0.01877696 -0.05992499]
   [ 0.13587764 -0.08416155 -0.10726888]
   [ 0.01202587  0.0470584  -0.05275955]]

  [[ 0.06568484 -0.0070254   0.06227497]
   [-0.06289236 -0.05012176 -0.03283716]
   [ 0.04926945 -0.09323792 -0.05047219]]

  [[ 0.11766141 -0.02633909  0.03688505]
   [-0.01481372  0.10612567 -0.06787605]
   [ 0.08164674 -0.01836171  0.00965142]]

  [[-0.03229027 -0.03783659  0.01793841]
   [-0.03031746 -0.09769665 -0.09216415]
   [-0.05209969 -0.0755099   0.11774464]]

  [[ 0.06962328  0.03516805 -0.08491644]
   [-0.01183078 -0.07752276 -0.07079297]
   [ 0.14099269 -0.01364866  0.04056911]]

  [[-0.05973013 -0.01268873 -0.05958716]
   [-0.08680689  0.04443198 -0.03961124]
   [-0.05114903 -0.07945955 -0.09047423]]

  [[ 0.06678712 -0.07862601 -0.10332853]
   [ 0.03676608 -0.07340526 -0.05306625]
   [-0.04805275  0.08582586 -0.09984205]]

  [[-0.0313564   0.07903719  0.03206058]
   [-0.07855405  0.15026572  0.11901397]
   [ 0.12954926  0.09766898  0.08305671]]]


 [[[ 0.01245814 -0.12243778  0.01757145]
   [-0.09974505 -0.03888234  0.02146385]
   [-0.04579747 -0.00355984  0.08029893]]

  [[-0.03751405  0.04801495  0.05994849]
   [-0.05712312  0.09623884  0.15320781]
   [-0.0277283   0.17421435  0.07458989]]

  [[-0.04686631  0.08038971  0.07606377]
   [-0.09806477 -0.0233384   0.16428071]
   [ 0.05908976 -0.00315807  0.09317502]]

  [[-0.05799557 -0.08288828  0.09169823]
   [-0.20435362 -0.07980755  0.14012262]
   [ 0.03881183  0.12772304  0.06996213]]

  [[ 0.08525287 -0.06137243  0.02740751]
   [-0.05989951 -0.02966839 -0.07192484]
   [ 0.02957646  0.00533503  0.10833283]]

  [[-0.06304185  0.0649259   0.087939  ]
   [ 0.10576395 -0.01439468  0.05996288]
   [ 0.05517595 -0.08103403  0.09317376]]

  [[ 0.03705417 -0.04050742  0.01127519]
   [-0.11834025  0.05236395  0.00432523]
   [-0.07341388  0.03668952 -0.03673529]]

  [[-0.04507266  0.04390489 -0.00065366]
   [ 0.11431107  0.12327611 -0.05121042]
   [ 0.11913169  0.09621566  0.10340789]]]


 [[[ 0.06401632  0.04863803  0.1333814 ]
   [ 0.03827304 -0.07124624 -0.08782595]
   [-0.00904047 -0.06566608 -0.14645211]]

  [[-0.08069682 -0.02410201  0.07309072]
   [-0.03504453  0.07698128  0.03845207]
   [ 0.13121648  0.06770206  0.03864358]]

  [[ 0.13607106 -0.02881453  0.05674276]
   [-0.08799047  0.04097733 -0.06707849]
   [ 0.0575911   0.08268884 -0.0994072 ]]

  [[ 0.16770262  0.14297391  0.1384042 ]
   [-0.05155802 -0.01781757  0.2018428 ]
   [-0.08289289 -0.13618876  0.00336935]]

  [[ 0.0635869   0.11877346  0.00411599]
   [ 0.05809252 -0.08220139  0.09295738]
   [-0.02552554 -0.07437179 -0.06353658]]

  [[-0.1171214  -0.07599492  0.10792731]
   [-0.08085115  0.06019164 -0.05784436]
   [ 0.08432157  0.05815689 -0.01526485]]

  [[ 0.1104094   0.14287393  0.12225071]
   [ 0.09080359 -0.01664979  0.12198436]
   [-0.09117787 -0.1140426  -0.08709199]]

  [[ 0.01840832 -0.10641131 -0.13471854]
   [ 0.11824632 -0.07039392  0.10616247]
   [-0.09788112 -0.00107218 -0.14749497]]]


 [[[ 0.03851573  0.01137554  0.08789701]
   [ 0.00469382 -0.04189996  0.00029682]
   [ 0.00057686  0.05443214  0.02826549]]

  [[ 0.00343402 -0.02550619  0.05695912]
   [-0.03875276  0.17129259  0.03439692]
   [-0.02594737  0.07730044 -0.01305465]]

  [[-0.00530798  0.1312258  -0.01438979]
   [ 0.06423619 -0.03180808 -0.07824241]
   [ 0.01026973 -0.00516603 -0.05612868]]

  [[-0.1130019  -0.10380466  0.00952543]
   [-0.01514475 -0.10619964 -0.19809794]
   [-0.06601553 -0.10427424 -0.16608451]]

  [[-0.16055527  0.06265415 -0.06913752]
   [-0.10008135 -0.04672853  0.04535837]
   [-0.06885663  0.0011973  -0.05280749]]

  [[-0.02864973  0.10532872  0.05288257]
   [-0.0658149   0.06533488 -0.11073875]
   [ 0.05533681 -0.11064474  0.09637853]]

  [[ 0.00909706  0.06689963  0.03838722]
   [-0.06069499  0.11993606 -0.05283252]
   [ 0.05319317  0.11484283 -0.02782825]]

  [[-0.05578833  0.13635948  0.17892435]
   [ 0.01940428  0.07944074  0.1574178 ]
   [ 0.00494842  0.21969485  0.03872896]]]


 [[[ 0.08316967  0.03638689  0.03888762]
   [-0.02077765 -0.10939148 -0.10156321]
   [-0.04220286  0.05795716  0.02059175]]

  [[-0.08709849 -0.01430984 -0.06850281]
   [-0.07326899  0.00715201 -0.02512382]
   [ 0.06167269  0.00709326  0.00130668]]

  [[-0.09141033  0.01736475 -0.00272477]
   [ 0.00627477 -0.11868104  0.07072327]
   [ 0.03036542 -0.00931754  0.08969304]]

  [[ 0.07477939  0.02833638  0.07788444]
   [ 0.04084378  0.00938266  0.12964194]
   [-0.03610386  0.08256908  0.08092537]]

  [[ 0.06597754  0.00096552  0.1377015 ]
   [ 0.00953745 -0.05197944 -0.06714945]
   [-0.10117979 -0.06137632  0.10059738]]

  [[ 0.06004385 -0.08904339  0.07945151]
   [ 0.07617266 -0.00073899  0.0694026 ]
   [-0.01448882 -0.01903578 -0.06617155]]

  [[ 0.05781375  0.11270504 -0.05341692]
   [ 0.03245356 -0.08123852 -0.08374257]
   [ 0.0911076   0.02565533  0.02864233]]

  [[ 0.10276646 -0.00827967  0.08498149]
   [-0.00120325  0.11660616 -0.0985052 ]
   [-0.10440764 -0.04172747  0.01356439]]]


 [[[ 0.00674004  0.05424157  0.01789418]
   [ 0.10747202  0.0794132   0.09721028]
   [-0.11015026 -0.0728774  -0.16618572]]

  [[ 0.05705203 -0.01876947  0.06293127]
   [ 0.08995897 -0.05750666 -0.05178709]
   [ 0.05885205 -0.05136563 -0.07489547]]

  [[-0.0383014  -0.01385234  0.09885205]
   [-0.07009983 -0.08542133  0.09448192]
   [ 0.06085518  0.05937967  0.04260391]]

  [[-0.1483141   0.07834785 -0.01916923]
   [-0.09558051  0.00147162  0.07777128]
   [-0.07054814  0.1247405  -0.03215899]]

  [[-0.08476441 -0.04386723  0.02696797]
   [-0.03727588  0.08998317  0.0039138 ]
   [-0.10772663  0.10043918  0.01972397]]

  [[ 0.03623528 -0.07073503  0.11342589]
   [-0.02258248  0.04696671 -0.08219796]
   [-0.11648212  0.02568024 -0.02555694]]

  [[-0.06561034 -0.07956337  0.0429491 ]
   [-0.04979208 -0.03184712  0.06606892]
   [ 0.0124866   0.04086264 -0.05034155]]

  [[ 0.10194699  0.11434918 -0.03382594]
   [ 0.18065523 -0.03689113 -0.02338618]
   [ 0.15680455  0.00034448 -0.03525463]]]


 [[[ 0.12008867 -0.07216399 -0.02670905]
   [ 0.01108314  0.01729258  0.11147767]
   [ 0.11782676  0.01019234  0.01907698]]

  [[-0.14505361  0.00995213  0.12173246]
   [-0.12425045  0.0312099   0.05402572]
   [ 0.04159148 -0.01784661 -0.07538285]]

  [[-0.01904962 -0.08019491  0.14013577]
   [ 0.11037605  0.09723755 -0.01392824]
   [-0.06831542 -0.07524079  0.01152267]]

  [[-0.08498047 -0.12413353  0.06178947]
   [ 0.03827499  0.08264618 -0.01367705]
   [ 0.12896869  0.00647486  0.00234911]]

  [[-0.06940115 -0.06151548 -0.10077237]
   [-0.05884653 -0.0395266   0.02926638]
   [-0.05002607 -0.02992291 -0.10003397]]

  [[ 0.07973977  0.08720844 -0.10348401]
   [ 0.10019348 -0.09056447  0.09716163]
   [ 0.0074941  -0.08375037 -0.09285957]]

  [[-0.03414107 -0.01175949 -0.08442423]
   [-0.02297735  0.10034995 -0.04071816]
   [-0.00157564  0.01719043 -0.02150436]]

  [[ 0.12127976 -0.01633157 -0.0750012 ]
   [-0.00886094 -0.04978386  0.0024466 ]
   [-0.12631287  0.04876196 -0.1268214 ]]]]