[[[[ 0.03335227 -0.07531396 -0.19367504]
   [ 0.23366907  0.27331412  0.14144787]
   [ 0.3466769   0.31134456  0.1070548 ]]]


 [[[-0.24928105 -0.35522762  0.27207068]
   [ 0.2530232  -0.06428105  0.33478025]
   [ 0.18561377  0.18286806 -0.2616955 ]]]


 [[[ 0.22396454 -0.1287431   0.02498658]
   [ 0.18857054 -0.0956126   0.24441424]
   [-0.08976524  0.19044524  0.26477668]]]


 [[[-0.29846972  0.12495323  0.12422857]
   [-0.29774454 -0.32301658  0.2689317 ]
   [-0.02591998 -0.12565562  0.33530235]]]


 [[[-0.20455013  0.3360619  -0.06363346]
   [ 0.2711091   0.19429795  0.        ]
   [-0.10567345 -0.0761827  -0.13157676]]]


 [[[-0.14431293 -0.14121237 -0.16703808]
   [-0.26512074 -0.19674882 -0.14712684]
   [-0.18429093  0.0221637   0.17645659]]]


 [[[ 0.17431255  0.02921631  0.2992563 ]
   [ 0.16655523  0.1624377  -0.04634998]
   [-0.3003193   0.17589626 -0.26198983]]]


 [[[ 0.2542373   0.3686834   0.24228743]
   [-0.09089176  0.32854348  0.        ]
   [-0.72993153 -0.3585142   0.03052054]]]]
