[[[[ 0.05289433  0.04481436 -0.04879913]
   [ 0.05118993  0.08945901  0.0638376 ]
   [ 0.019251    0.          0.0298129 ]]

  [[-0.13705297 -0.10555927 -0.14716633]
   [-0.12502642 -0.         -0.04516383]
   [-0.18887539 -0.13378885  0.02131221]]

  [[ 0.12017491 -0.06532087 -0.03306261]
   [ 0.07213897  0.          0.04423954]
   [ 0.         -0.05475043  0.05597687]]

  [[ 0.11338795  0.08125453 -0.01493303]
   [ 0.07269151 -0.18213351  0.06097974]
   [ 0.11386836 -0.17254193 -0.11250325]]

  [[-0.03527675  0.09317572 -0.09156369]
   [-0.10635142 -0.02162226 -0.09022464]
   [-0.13451432 -0.04042459 -0.04663165]]

  [[ 0.07288324  0.09087829 -0.08944756]
   [ 0.04419781  0.07909923 -0.07754898]
   [-0.07929994  0.06723022  0.03543627]]

  [[ 0.12135936  0.04797997 -0.02016162]
   [ 0.10263915  0.01355518  0.07611839]
   [-0.01828064 -0.         -0.09390575]]

  [[-0.07024312 -0.1496437  -0.05608164]
   [ 0.06668346 -0.12270686 -0.05248771]
   [ 0.03310158 -0.         -0.06201205]]]


 [[[-0.06207773 -0.01245348  0.12176122]
   [-0.06585395 -0.03454516  0.06930331]
   [-0.04177959 -0.04401185 -0.        ]]

  [[-0.06824066 -0.          0.        ]
   [-0.03105737  0.10719512 -0.07709111]
   [ 0.          0.06685015 -0.04690838]]

  [[-0.13166952  0.0687563   0.06011003]
   [-0.05008485  0.06911586  0.04285318]
   [ 0.10907044 -0.05031455  0.02744517]]

  [[-0.0226256  -0.01389008 -0.        ]
   [-0.         -0.06434302  0.05886997]
   [ 0.14937136 -0.          0.0648894 ]]

  [[-0.0530575   0.02586934 -0.03649358]
   [-0.22454892 -0.10529267  0.14308205]
   [-0.09756233 -0.05425029  0.07456747]]

  [[ 0.          0.05609029 -0.07058577]
   [-0.         -0.05388203 -0.08676869]
   [ 0.02121151  0.10158976  0.        ]]

  [[ 0.         -0.04290959  0.04250289]
   [ 0.06963113  0.02013764 -0.07394801]
   [-0.03246682  0.14024562 -0.07746708]]

  [[ 0.03273492  0.08730466 -0.03697236]
   [-0.10656648 -0.05608479 -0.09502643]
   [-0.08597224 -0.10522376  0.0912769 ]]]


 [[[ 0.01443923  0.03191981 -0.08160623]
   [-0.09333584  0.08373157 -0.01241893]
   [-0.          0.08727407  0.02324556]]

  [[ 0.05754244  0.04954703 -0.08012704]
   [ 0.08091467  0.         -0.3126919 ]
   [ 0.06272876 -0.14317153 -0.04471502]]

  [[ 0.06825764  0.06120122 -0.19684859]
   [-0.03664924  0.01579713 -0.22825132]
   [-0.03313399  0.0560522  -0.0705826 ]]

  [[ 0.15965542 -0.         -0.06204297]
   [ 0.03612683  0.         -0.18337677]
   [ 0.          0.05303127 -0.        ]]

  [[ 0.          0.0881385   0.07669385]
   [-0.07777004  0.10263722 -0.08212022]
   [ 0.06898017  0.05308995 -0.09290498]]

  [[ 0.11594649 -0.         -0.03721182]
   [-0.04071602  0.03207407 -0.11712209]
   [-0.10510404  0.01353075 -0.07099443]]

  [[ 0.0734563  -0.04420573  0.08786932]
   [ 0.02444713  0.         -0.02615388]
   [-0.02263833 -0.         -0.07462127]]

  [[-0.07116993 -0.11809622 -0.07578784]
   [-0.2126395  -0.11697789 -0.10072208]
   [-0.13260958  0.04074014 -0.07917875]]]


 [[[-0.05733977 -0.09954371 -0.11262727]
   [ 0.08096377  0.09997903 -0.01886829]
   [ 0.03958991  0.02004458  0.05350246]]

  [[ 0.03736473  0.0558712   0.        ]
   [ 0.01353622  0.09422241 -0.05231934]
   [-0.01449418  0.04152716 -0.0512118 ]]

  [[ 0.          0.11513551 -0.14251892]
   [ 0.10097758 -0.07009168 -0.        ]
   [ 0.08294874  0.13939144 -0.04795891]]

  [[-0.03626695 -0.17337182 -0.1438045 ]
   [-0.10111563 -0.02768405 -0.25199804]
   [-0.07914701 -0.01612212  0.1081415 ]]

  [[-0.02446944 -0.1789175  -0.        ]
   [ 0.13156046  0.07488104 -0.07962232]
   [ 0.11480091  0.          0.12112402]]

  [[-0.04553814 -0.03649028  0.0566465 ]
   [ 0.07053303  0.03699742  0.0542841 ]
   [ 0.10048076 -0.0421073   0.09096413]]

  [[-0.         -0.15812899 -0.13858546]
   [-0.0490047  -0.0684856   0.05317543]
   [-0.03574341  0.14183636  0.06979328]]

  [[ 0.1034985   0.08652396  0.05497758]
   [ 0.02086637 -0.17387496 -0.1190184 ]
   [ 0.024014    0.06457967  0.08301017]]]


 [[[ 0.1633358   0.04647831 -0.11735933]
   [ 0.         -0.0297185  -0.        ]
   [-0.07410962  0.         -0.09409797]]

  [[-0.15092093 -0.1020984   0.02645027]
   [-0.02388174 -0.14571077  0.03157412]
   [-0.12570204 -0.05648112 -0.        ]]

  [[-0.01474471 -0.05891065 -0.06809695]
   [ 0.01928937 -0.03301611 -0.06098955]
   [ 0.03244723 -0.09170742  0.06488711]]

  [[-0.03452305  0.09514063  0.12748452]
   [ 0.          0.04176885 -0.02179818]
   [ 0.01555508  0.         -0.        ]]

  [[ 0.1209829   0.09014083 -0.11730827]
   [ 0.16320732 -0.         -0.09893749]
   [ 0.16193706 -0.03673843 -0.04364153]]

  [[-0.05932054  0.09823244 -0.06204693]
   [-0.03468651 -0.03984476 -0.0627984 ]
   [-0.06671289  0.09525243 -0.02934748]]

  [[ 0.10605781  0.0699261   0.        ]
   [ 0.04618669  0.01808305  0.09911916]
   [-0.          0.04711414  0.04824885]]

  [[-0.17797968 -0.06597629 -0.23900647]
   [-0.10096061 -0.1524878  -0.11939437]
   [-0.03469235 -0.15747054 -0.29857782]]]


 [[[ 0.02589915  0.1036987   0.13170236]
   [ 0.08166319 -0.05077123 -0.0730218 ]
   [-0.06956308 -0.09443042 -0.        ]]

  [[-0.01430743 -0.01992648  0.21470363]
   [-0.06247207  0.01803791 -0.0500862 ]
   [-0.08508668 -0.07890544 -0.        ]]

  [[-0.13136402  0.11519284  0.08357744]
   [ 0.07140619 -0.          0.07706476]
   [-0.08398643  0.          0.03681239]]

  [[-0.03370265  0.08047305  0.11336806]
   [ 0.07272869 -0.07695179 -0.08262996]
   [-0.22723912 -0.06400517 -0.05276475]]

  [[ 0.04747825  0.          0.        ]
   [-0.07583141  0.0404723   0.03717636]
   [ 0.04860951  0.06249567 -0.        ]]

  [[-0.09109171 -0.067632   -0.07426944]
   [ 0.05590168  0.0407175   0.09909392]
   [ 0.06324718 -0.04171497  0.03376474]]

  [[ 0.07312223  0.04963559 -0.06647311]
   [ 0.05198478  0.09669453 -0.01796053]
   [ 0.08079782 -0.04351944 -0.07243808]]

  [[-0.         -0.05954002 -0.06936815]
   [-0.06168715 -0.11642705 -0.        ]
   [ 0.0231791   0.          0.05443749]]]


 [[[-0.02881036  0.         -0.13339141]
   [ 0.07009086  0.05427876 -0.05047896]
   [-0.06569493  0.04346374  0.02695608]]

  [[ 0.          0.02779585  0.02353297]
   [ 0.06293721  0.         -0.06791451]
   [-0.02679354 -0.07673777  0.26145878]]

  [[-0.09005324 -0.07788747  0.07175   ]
   [ 0.06523028 -0.01935125  0.10691716]
   [-0.04814575  0.09612009  0.09135255]]

  [[ 0.1612811   0.08737014 -0.09301402]
   [ 0.1337151  -0.10979909 -0.06188314]
   [ 0.01785391 -0.148533   -0.0648083 ]]

  [[-0.03109978  0.06172854  0.07950699]
   [ 0.         -0.0705899   0.017894  ]
   [ 0.02045415 -0.03103119 -0.        ]]

  [[-0.0358463  -0.10764564  0.01276013]
   [-0.04965347 -0.07051249  0.03064501]
   [-0.1126302   0.         -0.10049629]]

  [[-0.04395869 -0.06752744 -0.09529012]
   [ 0.          0.07018927 -0.01338108]
   [-0.01667916  0.08739655 -0.03145656]]

  [[-0.22818646 -0.10764031  0.03857205]
   [-0.08236355 -0.          0.04365879]
   [-0.06369173 -0.08263355  0.0790806 ]]]


 [[[-0.         -0.03612902 -0.2426577 ]
   [-0.04347357 -0.18034512 -0.11106195]
   [-0.0175446   0.07024456  0.0880149 ]]

  [[ 0.05489544  0.08386555 -0.04123391]
   [ 0.04981845 -0.05497329  0.0904421 ]
   [-0.01900556  0.11949933  0.06786635]]

  [[ 0.05554325  0.0137062  -0.19541727]
   [ 0.03728092 -0.18382984  0.02729639]
   [-0.08466639  0.07320559 -0.01547198]]

  [[ 0.11987774  0.08565126  0.        ]
   [-0.03006218 -0.03512625  0.08017859]
   [-0.07622515 -0.04296173 -0.09313061]]

  [[-0.09275861  0.09128985 -0.0458834 ]
   [ 0.13979292  0.0959944  -0.07103922]
   [-0.10421194 -0.13225845 -0.10528383]]

  [[-0.         -0.05814401 -0.05941788]
   [-0.1042596  -0.09709185  0.0932867 ]
   [ 0.08114015  0.01632907  0.11515508]]

  [[-0.02614267  0.06306335 -0.06168862]
   [-0.07919735 -0.0233597  -0.19000627]
   [-0.11901391 -0.12674786  0.05531688]]

  [[ 0.          0.02052647  0.09103658]
   [ 0.17178638  0.08515652  0.07377563]
   [-0.02630189 -0.08547946 -0.07612219]]]]
